#   43.027  -0.875   1.158 ;Mean Elev.(m), Avg Gradient(m/km), RMS Gradient(m/km) - SRTM1     
#    0.000   0.000   0.000 ;Mean Elev.(m), Avg Gradient(m/km), RMS Gradient(m/km) - ASTER GDEM
#   43.079  -0.883   1.337 ;Mean Elev.(m), Avg Gradient(m/km), RMS Gradient(m/km) - GMTED2010 
   1 285.803132  45.235180    47.023    46.867 12 54663.94386475 16.633
   2 285.809651  45.227307    46.603    46.359 25 54673.85951148 19.501
   3 285.809851  45.227956    -8.671    -7.642 25 54683.77515481  7.199
   4 285.811753  45.228589    46.099    46.070 24 54693.69079704 27.945
   5 285.813581  45.229260    -3.499    -3.718 24 54703.60643683  7.873
   6 285.810753  45.228705    46.839    46.386 25 54713.52208680 18.406
   7 285.807020  45.227308    11.601    12.791 26 54723.43773756 12.513
   8 285.803304  45.225825    46.166    45.882 25 54733.35338584 22.995
   9 285.801962  45.224978    46.766    46.218 25 54743.26903261 16.364
  10 285.802722  45.224469    45.476    45.464 26 54753.18467911 25.331
  11 285.802438  45.225521    44.021    43.239 26 54763.10032469 29.857
  12 285.801961  45.225496    45.619    45.748 26 54773.01596790 23.116
  13 285.802278  45.224552    46.154    46.138 26 54782.93160863 33.253
  14 285.803014  45.225214    46.489    46.259 26 54792.84724694 16.962
  17 285.810922  45.227353    46.017    45.981 25 54822.59416527 37.422
  18 285.807132  45.227856    46.137    46.115 26 54832.50980550 36.897
  19 285.805082  45.226464    45.939    45.922 26 54842.42545595 26.048
  20 285.803884  45.226028    46.045    46.046 26 54852.34110496 23.996
  21 285.804108  45.226110    45.931    45.943 25 54862.25675355 21.208
  22 285.804591  45.225867    46.325    46.171 25 54872.17240207 20.079
  23 285.803439  45.226109    46.269    46.261 25 54882.08804842 29.489
  24 285.802460  45.224533    46.304    46.332 25 54892.00369182 35.018
  25 285.799958  45.223937    46.205    46.186 26 54901.91933215 44.747
  26 285.799814  45.223448    46.407    46.365 25 54911.83497127 46.293
  27 285.801278  45.224291    46.183    45.945 26 54921.75060940 25.581
  28 285.803851  45.225881    46.494    46.133 25 54931.66624690 22.293
  29 285.805775  45.227583    46.647    46.413 26 54941.58188280 19.746
  30 285.808244  45.226884    46.358    45.949 26 54951.49751745 25.536
  31 285.806102  45.227286    46.647    46.478 26 54961.41315882 22.772
  32 285.805110  45.226310    43.101    42.946 25 54971.32880758 30.852
  33 285.805699  45.226724    46.596    46.148 25 54981.24445490 19.525
  34 285.807008  45.227213    45.288    45.301 25 54991.16010187 25.878
  35 285.805954  45.227935    46.386    46.426 26 55001.07574817 20.974
  36 285.805315  45.227110    46.441    46.098 26 55010.99139305 21.415
  37 285.805326  45.225977    46.307    46.007 26 55020.90703660 22.477
  38 285.805865  45.226369    46.648    46.226 25 55030.82267897 17.554
  39 285.807360  45.227100    47.147    46.288 26 55040.73832080 17.652
  40 285.809923  45.228083    46.581    46.055 25 55050.65396136 19.747
  41 285.810539  45.228876    46.806    46.198 25 55060.56959964 19.995
  42 285.808336  45.228127    46.360    46.094 26 55070.48524110 21.020
  43 285.804275  45.225923    46.032    45.788 26 55080.40089039 22.090
  44 285.801961  45.224472    46.693    46.254 25 55090.31653771 17.459
  45 285.801481  45.224906    45.519    45.604 26 55100.23218376 25.152
  46 285.803488  45.224879    46.741    46.285 26 55110.14782956 18.030
  47 285.803889  45.225752    45.214    45.349 25 55120.06347338 26.049
  48 285.802735  45.225754    46.337    46.049 26 55129.97911463 20.906
  49 285.801338  45.224931    46.469    46.101 26 55139.89475410 19.156
  50 285.802329  45.224484    46.345    46.110 26 55149.81039288 20.202
  51 285.805154  45.226468    46.438    46.045 25 55159.72603136 20.886
  52 285.809074  45.228232    46.576    46.584 26 55169.64166969 22.047
  53 285.811788  45.229096    45.449    45.745 24 55179.55730694 33.388
  54 285.809737  45.228106    46.039    46.123 25 55189.47295393 33.982
  55 285.806482  45.226631    45.969    46.161 26 55199.38860460 36.140
  56 285.804422  45.226611    45.862    45.850 26 55209.30425416 31.096
  57 285.805279  45.226412    45.925    45.942 26 55219.21990340 30.082
  58 285.805234  45.226239    46.115    46.094 25 55229.13555161 28.778
  59 285.804058  45.225952    46.208    46.190 25 55239.05119660 28.134
  60 285.801833  45.224860    46.137    46.115 26 55248.96683806 25.486
  61 285.799398  45.224253    46.212    46.190 25 55258.88247720 32.306
  62 285.799682  45.224062    45.649    45.785 26 55268.79811595 24.757
  63 285.802555  45.224411    45.759    45.852 25 55278.71375472 23.747
  64 285.804510  45.227190    46.319    46.044 26 55288.62939173 28.860
  65 285.808127  45.227625    46.369    45.892 26 55298.54502692 21.754
  66 285.806579  45.227202    45.571    45.520 25 55308.46067026 26.278
  67 285.803493  45.225974    46.237    46.216 25 55318.37631650 49.743
  68 285.802608  45.224910    46.386    45.933 25 55328.29196166 19.717
  69 285.803520  45.226052    44.594    45.266 26 55338.20760582 30.311
  70 285.806126  45.227051    46.532    46.562 26 55348.12324969 42.400
  71 285.807728  45.227658    44.399    43.725 26 55358.03889176 31.613
  72 285.807058  45.228161    46.931    46.618 26 55367.95453160 17.874
  73 285.807419  45.227343    47.000    46.587 26 55377.87017041 18.250
  74 285.808252  45.228067    47.250    46.353 25 55387.78580833 19.552
  75 285.811437  45.228135    46.002    45.994 25 55397.70144577 27.691
  76 285.812161  45.229028    46.397    46.037 24 55407.61708969 21.143
  77 285.809152  45.228197    46.757    46.501 25 55417.53274077 18.729
  78 285.805103  45.226510    46.720    46.329 25 55427.44838843 19.745
  79 285.801759  45.225519    46.734    46.536 26 55437.36403318 18.724
  80 285.801441  45.224602    45.420    45.629 26 55447.27967668 28.381
  81 285.802829  45.224835    46.573    46.103 25 55457.19531965 20.741
  82 285.804691  45.225742    45.869    45.983 25 55467.11096182 23.700
  83 285.805978  45.226670    46.529    46.449 26 55477.02660071 21.712
  84 285.806978  45.226562    46.527    46.213 26 55486.94223664 21.091
  85 285.806717  45.227143    46.937    46.529 26 55496.85787027 20.461
  86 285.807521  45.227789    46.577    46.317 25 55506.77350654 20.526
  87 285.806903  45.227696    45.885    45.998 26 55516.68915720 41.839
  88 285.807642  45.228131    46.679    46.643 26 55526.60480703 20.802
  89 285.807834  45.227820    46.458    46.394 26 55536.52045493 18.092
  90 285.807341  45.226571    43.342    43.215 26 55546.43610069 35.827
  91 285.805208  45.226744    45.784    46.022 26 55556.35174410 41.744
  92 285.805153  45.226457    45.935    46.156 25 55566.26738676 44.829
  93 285.806162  45.227105    46.177    46.179 25 55576.18302859 49.272
  94 285.806406  45.228182    46.058    46.119 26 55586.09866840 28.733
  95 285.807048  45.228203    45.872    45.916 26 55596.01430523 21.320
  96 285.807523  45.227793    46.336    46.007 26 55605.92993907 18.653
  97 285.808529  45.227984    46.165    46.187 26 55615.84557096 29.174
  98 285.808668  45.228363    46.341    46.331 25 55625.76121270 52.971
  99 285.807178  45.228138    46.555    46.144 26 55635.67686502 29.469
 100 285.806629  45.227375    45.876    46.062 26 55645.59251542 23.629
 101 285.805524  45.226596    45.602    45.657 25 55655.50816300 25.652
 102 285.804738  45.225783    46.424    46.214 26 55665.42380601 24.600
 103 285.804261  45.225676    46.741    46.276 26 55675.33944577 21.190
 104 285.805670  45.225922    46.112    46.148 26 55685.25508374 26.224
 105 285.808217  45.227337    46.187    46.163 26 55695.17072035 23.576
 106 285.811779  45.228919    46.615    46.244 24 55705.08635569 20.483
 107 285.812194  45.228312    45.250    45.500 25 55715.00200319 24.435
 108 285.810165  45.227502    46.777    46.179 25 55724.91765190 17.849
 109 285.808225  45.227086    46.099    45.973 26 55734.83329879 24.509
 110 285.807225  45.227062    46.894    46.301 26 55744.74894453 18.190
 111 285.807119  45.226791    46.753    46.374 26 55754.66458889 18.599
 112 285.806513  45.227385    46.844    46.631 25 55764.58023074 17.212
 113 285.806173  45.227055    46.907    46.603 26 55774.49586996 17.561
 114 285.805667  45.226931    47.251    46.540 25 55784.41150581 18.173
 115 285.807310  45.227511    43.574    42.637 25 55794.32713924 26.547
 116 285.810458  45.227676    46.412    45.824 26 55804.24277645 20.957
 117 285.809466  45.228523    43.143    42.491 25 55814.15842543 26.296
 118 285.809062  45.227771    44.793    43.882 25 55824.07407260 26.306
 119 285.807907  45.227643    46.496    46.269 25 55833.98971492 21.444
 120 285.808112  45.227101    46.820    46.357 26 55843.90535357 18.496
 121 285.809414  45.227960    46.656    46.317 25 55853.82098926 18.074
 122 285.811249  45.229263    46.492    46.103 25 55863.73662667 20.210
 123 285.810346  45.228110    46.819    46.420 26 55873.65228078 18.865
 133 285.803517  45.226502    46.401    46.371 26 55972.80871709 50.295
 134 285.807836  45.227071    46.035    45.891 26 55982.72435378 24.250
 135 285.811712  45.228609    46.298    46.302 25 55992.63998853 47.923
 136 285.809978  45.228132    46.268    46.262 26 56002.55563716 26.627
 137 285.806084  45.226541    46.408    46.361 26 56012.47128702 19.844
 139 285.803182  45.225878    46.579    46.232 25 56032.30257650 18.728
 141 285.808775  45.228130    46.437    46.272 26 56052.13385628 21.465
 142 285.811361  45.228885    46.035    46.022 25 56062.04949201 34.119
 143 285.812303  45.228200    46.817    46.453 25 56071.96513157 17.828
 144 285.808814  45.227594    46.857    46.251 26 56081.88078165 23.054
 145 285.807308  45.227326    46.737    46.035 26 56091.79642943 19.564
 146 285.807708  45.227554    46.653    46.096 26 56101.71207507 19.941
 147 285.807867  45.227549    45.886    45.859 26 56111.62770651 31.356
 148 285.808085  45.226715    47.023    46.776 26 56121.54334620 16.854
 149 285.806839  45.227514    46.745    46.260 25 56131.45898167 19.370
 150 285.807656  45.226824    47.283    46.542 26 56141.37461711 19.315
 151 285.805630  45.226782    45.175    45.436 26 56151.29026770 32.592
 152 285.806274  45.227308    46.358    46.040 26 56161.20591652 21.884
 153 285.807474  45.227600    45.442    45.569 26 56171.12156362 25.320
 154 285.807851  45.226851    42.136    41.430 26 56181.03720658 29.789
 155 285.806467  45.226415    46.074    46.297 26 56190.95284548 23.427
 156 285.805495  45.226709    44.481    45.335 25 56200.86848162 27.149
 157 285.808362  45.227810    46.686    46.379 25 56210.78411589 19.514
 158 285.813239  45.229977    47.104    46.662 23 56220.69974840 17.550
 159 285.813547  45.230346    46.897    46.514 24 56230.61539969 17.967
 160 285.812322  45.228528    46.797    46.519 24 56240.53105320 15.751
 161 285.809127  45.227631    45.314    45.597 26 56250.44670229 26.656
 162 285.806365  45.227966    46.599    46.432 26 56260.36234633 16.183
 163 285.807059  45.227666    46.957    46.466 25 56270.27798818 18.064
 164 285.808623  45.228024    45.580    45.776 25 56280.19362816 23.131
 165 285.807872  45.226936    45.449    45.841 26 56290.10927973 30.020
 166 285.805295  45.226257    46.279    46.281 25 56300.02492755 40.125
 167 285.803093  45.224778    44.362    45.444 26 56309.94057155 32.323
 168 285.801671  45.224406    46.055    46.112 25 56319.85621327 36.700
 169 285.802720  45.225095    46.115    46.109 25 56329.77185438 32.977
 170 285.806049  45.226271    46.034    46.018 26 56339.68749498 24.243
 171 285.809932  45.227328    46.488    46.111 25 56349.60313353 22.818
 172 285.811374  45.227661    43.774    43.930 25 56359.51877032 29.222
 173 285.806166  45.226533    46.107    46.098 26 56369.43442062 28.505
 175 285.802721  45.225392    46.258    46.074 26 56389.26571331 19.911
 176 285.805414  45.227184    46.360    46.201 26 56399.18135638 23.854
 177 285.809246  45.227879    46.316    46.283 25 56409.09699716 56.229
 178 285.811561  45.228367    46.146    46.133 24 56419.01263339 36.827
 179 285.812504  45.228642    46.832    46.436 24 56428.92826720 16.565
 180 285.807536  45.227450    46.307    45.942 25 56438.84392054 26.774
 181 285.805267  45.226359    46.867    46.638 26 56448.75957172 18.553
 182 285.805385  45.225901    46.572    46.510 26 56458.67522090 20.584
 183 285.804618  45.226156    46.819    46.621 26 56468.59086661 18.946
 184 285.804623  45.225393    46.750    46.330 26 56478.50650853 19.232
 185 285.803714  45.225849    46.757    46.367 25 56488.42214620 18.583
 187 285.807206  45.228398    46.881    46.671 26 56508.25341493 19.352
 188 285.811225  45.229084    45.262    45.404 25 56518.16905356 27.152
 189 285.810515  45.228439    43.671    42.882 25 56528.08470740 25.611
 190 285.809136  45.227810    46.948    46.364 26 56538.00035696 21.668
 191 285.805899  45.227467    46.965    46.584 26 56547.91600237 21.483
 192 285.805170  45.225466    46.907    46.357 26 56557.83164588 20.473
 193 285.805444  45.226095    46.751    46.455 26 56567.74728830 18.223
 194 285.807741  45.228154    46.545    46.101 26 56577.66292943 20.999
 195 285.812592  45.228781    46.867    46.525 24 56587.57856753 19.143
 196 285.813707  45.229251    46.684    46.687 24 56597.49420904 21.381
 197 285.809505  45.227983    46.935    46.595 26 56607.40986065 21.082
 198 285.806696  45.226990    46.109    46.226 26 56617.32550726 21.954
 199 285.805951  45.227130    45.088    45.230 25 56627.24115033 34.289
 200 285.806907  45.227988    46.498    46.293 26 56637.15679055 15.876
 201 285.808325  45.228144    46.339    46.306 25 56647.07243203 31.095
 202 285.805600  45.226843    46.139    46.098 25 56656.98808390 29.201
 203 285.803357  45.225477    46.219    46.199 25 56666.90373158 28.732
 205 285.803943  45.225190    46.214    46.215 26 56686.73502119 30.236
 206 285.805722  45.226419    46.086    46.056 25 56696.65066345 23.886
 207 285.807874  45.227996    45.933    45.913 26 56706.56630110 20.154
 208 285.809731  45.228589    45.950    45.804 25 56716.48193550 18.216
 209 285.805915  45.226679    46.130    45.854 26 56726.39758894 18.298
 211 285.804629  45.225176    46.238    46.235 26 56746.22888407 49.622
 212 285.805910  45.227996    46.558    46.416 26 56756.14452499 28.071
 213 285.810842  45.228117    46.092    46.147 26 56766.06016098 42.972
 214 285.810362  45.229383    46.628    46.271 25 56775.97580108 21.822
 215 285.807152  45.226337    46.548    46.231 26 56785.89145780 20.511
 216 285.802882  45.225610    46.442    46.334 25 56795.80711053 20.458
 217 285.801798  45.224290    46.719    46.313 25 56805.72275943 16.934
 219 285.803347  45.225273    46.773    46.331 26 56825.55404026 20.797
 220 285.804006  45.226671    46.217    46.102 26 56835.46967510 34.716
 221 285.807160  45.227153    46.604    46.179 26 56845.38530691 21.430
 222 285.806406  45.227781    46.843    46.665 26 56855.30095322 18.694
 223 285.805366  45.227434    46.724    46.482 26 56865.21660648 20.787
 224 285.805572  45.225543    44.786    45.481 26 56875.13225921 24.258
 225 285.803447  45.226151    46.970    46.486 26 56885.04790814 19.351
 226 285.803120  45.224815    46.730    46.337 26 56894.96355461 25.215
 227 285.801831  45.225318    46.815    46.413 25 56904.87919762 17.971
 228 285.802690  45.225069    46.683    46.215 25 56914.79483903 18.510
 229 285.805124  45.225911    45.795    45.715 25 56924.71047873 23.207
 230 285.808484  45.227401    46.365    46.138 26 56934.62611564 23.682
 231 285.811739  45.229565    45.109    45.029 24 56944.54174717 27.915
 232 285.810782  45.227832    45.157    45.543 25 56954.45739656 24.502
 233 285.806975  45.227237    46.545    46.412 26 56964.37304629 17.965
 234 285.805738  45.226701    46.717    46.664 26 56974.28869140 17.933
 235 285.806851  45.227047    47.145    46.508 26 56984.20433207 20.393
 236 285.808947  45.228369    45.070    45.134 26 56994.11996758 26.455
 237 285.810619  45.227798    46.027    46.002 26 57004.03560618 18.750
 238 285.805811  45.226508    45.485    45.709 25 57013.95126186 21.347
 239 285.803572  45.225315    44.874    45.286 25 57023.86691289 25.982
 240 285.803269  45.226231    46.076    46.144 26 57033.78256145 31.521
 241 285.805521  45.226287    45.919    46.026 26 57043.69820813 26.151
 242 285.806205  45.227250    45.863    45.948 25 57053.61385200 23.596
 243 285.807319  45.226406    45.689    45.743 26 57063.52949165 19.769
 244 285.807965  45.226812    45.637    45.690 26 57073.44512593 18.289
 245 285.810893  45.227870    45.904    45.791 26 57083.36075645 18.781
 246 285.811354  45.227504    45.827    45.897 25 57093.27640576 25.531
 247 285.809868  45.227289    46.230    46.172 25 57103.19206245 24.900
 248 285.808410  45.227559    46.283    46.243 26 57113.10771517 30.287
 249 285.806916  45.227563    46.104    46.188 26 57123.02336189 33.547
 250 285.805992  45.226600    46.426    46.249 25 57132.93900347 22.017
