#    0.000   0.000   0.000 ;Mean Elev.(m), Avg Gradient(m/km), RMS Gradient(m/km) - SRTM1     
#    0.000   0.000   0.000 ;Mean Elev.(m), Avg Gradient(m/km), RMS Gradient(m/km) - ASTER GDEM
#    1.703  -5.722   8.505 ;Mean Elev.(m), Avg Gradient(m/km), RMS Gradient(m/km) - GMTED2010 
   1 287.571702  46.385622    75.892    79.458  3 54666.91044403  4.945
   3 287.571174  46.389050   -25.397   -25.367  9 54686.74173096 11.340
   4 287.574678  46.389391     4.542     4.443  9 54696.65737280 22.183
   5 287.574581  46.391045   -21.376   -21.223  9 54706.57301298 11.886
   6 287.570288  46.389435     7.361     5.793  9 54716.48866523 25.295
   7 287.566184  46.387089     4.430     3.130  9 54726.40431507 27.433
   8 287.561900  46.386960     9.620     9.503  8 54736.31996259 27.266
   9 287.560743  46.387484     3.061     3.051  8 54746.23560945 30.168
  10 287.561796  46.387773     4.704     3.869  9 54756.15125604 27.771
  12 287.563112  46.386755     3.425     3.390  9 54775.98254314 37.658
  13 287.561649  46.386813    12.152    11.342  8 54785.89818253 25.586
  14 287.562182  46.387138     3.303     2.982  9 54795.81382089 27.007
  17 287.571980  46.388691     4.058     3.787  9 54825.56074424 35.015
  18 287.569006  46.387139     4.060     4.124  9 54835.47638402 40.935
  19 287.564217  46.387800     4.433     4.442  9 54845.39203336 43.706
  20 287.563228  46.387299     4.027     4.031  8 54855.30768235 46.680
  21 287.564959  46.386663     3.955     4.051  9 54865.22333139 47.940
  22 287.565443  46.386856     5.247     3.997  9 54875.13897969 25.813
  23 287.563578  46.388351     4.544     4.449  9 54885.05462478 43.085
  24 287.561643  46.387047     4.575     4.564  8 54894.97026695 43.215
  25 287.557278  46.387962     4.546     4.617  8 54904.88590595 41.561
  26 287.558467  46.386316     3.779     3.795  8 54914.80154495 49.698
  28 287.564166  46.387892    13.797    11.477  9 54934.63282109 26.310
  29 287.572386  46.383682     5.840     4.628  5 54944.54845825 29.416
  30 287.570124  46.388500     4.543     4.332  9 54954.46409048 33.888
  31 287.566493  46.388239     4.451     4.457  9 54964.37973624 48.463
  32 287.564323  46.387504     7.651     7.998  8 54974.29538436 24.696
  33 287.566059  46.386611     3.876     3.906  9 54984.21103218 47.941
  34 287.567543  46.387989     8.260     8.436  9 54994.12667939 24.284
  35 287.568252  46.388340     6.011     3.462  9 55004.04232546 23.040
  36 287.567224  46.387940     5.887     4.096  9 55013.95796947 25.787
  37 287.566498  46.386821     3.759     3.773  9 55023.87361234 34.049
  38 287.566167  46.387381     4.871     4.305  9 55033.78925445 25.024
  39 287.568213  46.387995     7.212     7.474 10 55043.70489616 25.142
  40 287.571566  46.388496     3.659     3.346 10 55053.62053647 26.620
  41 287.572081  46.389240     3.287     3.232  9 55063.53617425 34.840
  42 287.568947  46.387901     3.109     3.077 10 55073.45181977 28.001
  43 287.563972  46.386892     3.447     3.401  9 55083.36746768 26.008
  44 287.561233  46.386656     6.145     4.188  8 55093.28311391 23.660
  45 287.560354  46.387676     3.942     2.765  8 55103.19875979 30.786
  46 287.562556  46.386868     3.102     3.045  8 55113.11440598 28.981
  47 287.563198  46.387305     4.431     3.042  8 55123.03004938 26.498
  48 287.562918  46.387536     8.935     9.141  9 55132.94568988 25.444
  49 287.562352  46.387171     3.284     3.249  8 55142.86132853 28.169
  50 287.562694  46.387412     4.208     4.210  9 55152.77696677 47.529
  51 287.566473  46.386882     7.984     8.176  9 55162.69260595 28.048
  52 287.569775  46.388588     4.713     4.744  9 55172.60824439 39.125
  53 287.573290  46.389557    28.402    21.863  9 55182.52388142 20.589
  54 287.570574  46.388845     3.728     3.863  9 55192.43953259 43.144
  55 287.568127  46.387095     4.280     4.209  9 55202.35518287 47.092
  56 287.566129  46.386826     3.866     3.819  9 55212.27083213 44.384
  57 287.564174  46.388563     3.842     3.878  9 55222.18648047 34.724
  58 287.564189  46.387630     4.086     4.120  9 55232.10212813 45.714
  59 287.563214  46.387494     3.561     3.614  8 55242.01777237 42.481
  60 287.560491  46.387563     4.170     4.180  9 55251.93341303 39.283
  61 287.558868  46.386935     4.559     4.530  8 55261.84905185 44.144
  62 287.559775  46.387073     8.591     8.832  8 55271.76469000 28.644
  63 287.562505  46.387548    12.241    12.705  8 55281.68032824 22.063
  64 287.566188  46.387520     4.219     4.458 10 55291.59596550 50.105
  65 287.568264  46.388557    10.641    10.038  9 55301.51160014 22.350
  66 287.565982  46.387800     3.664     3.566  9 55311.42724789 28.303
  67 287.564228  46.387263     3.790     3.519  9 55321.34289337 35.998
  68 287.563891  46.387002     3.257     3.145  9 55331.25853758 33.387
  69 287.565269  46.386827     2.981     3.011  9 55341.17418180 44.661
  70 287.566484  46.387703     3.625     3.546 10 55351.08982557 30.316
  71 287.568474  46.387555     2.684     2.671 10 55361.00546744 35.603
  72 287.568793  46.387964     2.386     2.424  9 55370.92110699 38.226
  73 287.569372  46.388519     6.099     6.222 10 55380.83674519 25.491
  74 287.571443  46.388426     3.664     3.310 10 55390.75238306 41.303
  75 287.572800  46.389995     4.095     3.052 10 55400.66801947 26.077
  76 287.571544  46.389415     2.374     2.187  9 55410.58366818 35.821
  77 287.567892  46.388186     3.778     2.653 10 55420.49931835 28.189
  78 287.564565  46.386741     2.394     2.354  9 55430.41496545 38.116
  79 287.561099  46.387683     7.200     6.426  8 55440.33060951 23.219
  80 287.561545  46.387606     3.671     3.725  8 55450.24625246 27.983
  81 287.563338  46.387733     2.825     2.901  9 55460.16189491 30.509
  82 287.565156  46.387190    10.921    11.118  9 55470.07753644 23.690
  83 287.565749  46.387266     3.935     3.989  9 55479.99317466 28.821
  84 287.565513  46.388495     8.509     8.678  9 55489.90881003 25.702
  85 287.568536  46.388024     8.652     9.022 10 55499.82444400 27.663
  86 287.569908  46.388190     7.100     7.053 10 55509.74008528 26.042
  87 287.568596  46.388664     8.366     9.794  9 55519.65573521 26.669
  88 287.568596  46.388015     4.008     4.193  9 55529.57138456 48.806
  89 287.568430  46.387013     4.158     4.270  9 55539.48703219 42.791
  90 287.567104  46.387361     4.180     4.254  9 55549.40267717 45.773
  91 287.565966  46.387867     4.227     4.181  9 55559.31832030 44.836
  92 287.567184  46.387692     4.747     4.797  9 55569.23396278 42.161
  93 287.568592  46.387616     3.919     4.002  9 55579.14960424 45.186
  94 287.568207  46.388109     4.048     4.039 10 55589.06524290 46.493
  95 287.568230  46.387642     3.873     3.912 10 55598.98087873 47.828
  96 287.568272  46.387649     3.592     3.540 10 55608.89651212 47.206
  97 287.569818  46.388590     3.648     3.702 10 55618.81214394 38.687
  98 287.569833  46.388728     4.394     4.399  9 55628.72779217 44.412
  99 287.569713  46.388332     6.580     4.957  9 55638.64344371 27.884
 100 287.567905  46.388083     4.411     4.138 10 55648.55909291 29.644
 101 287.564842  46.387248     4.105     3.966  9 55658.47473900 39.080
 102 287.562703  46.386923    10.556    10.972  9 55668.39038102 26.981
 104 287.567333  46.388374     7.720     8.625  9 55688.22165803 29.434
 105 287.571778  46.388827     9.646     9.396 10 55698.13729433 27.617
 106 287.573934  46.389850     8.146     8.418 10 55708.05293013 25.862
 107 287.571270  46.388912     4.765     4.431 10 55717.96858087 32.340
 108 287.569697  46.387356     5.439     4.108  9 55727.88422926 24.022
 109 287.568506  46.387744     8.486     8.890 10 55737.79987590 26.313
 110 287.568985  46.387672     3.881     4.125  9 55747.71552163 24.101
 111 287.568963  46.387818     3.890     3.975  9 55757.63116519 33.100
 112 287.568336  46.387514     2.987     2.987  9 55767.54680610 34.704
 113 287.565563  46.388548     4.361     3.118  9 55777.46244350 24.389
 114 287.566887  46.386613     3.738     3.840  9 55787.37807907 29.371
 115 287.568211  46.388459     3.777     2.787  9 55797.29371224 28.332
 116 287.570572  46.388578     5.540     4.374 10 55807.20935490 26.153
 117 287.570677  46.389559     3.687     3.716  9 55817.12500341 42.091
 118 287.571109  46.388355     3.605     3.271 10 55827.04064888 42.426
 119 287.569135  46.388265     9.870     9.694 10 55836.95628961 24.406
 120 287.567590  46.388031     4.439     3.479  9 55846.87192732 26.278
 121 287.569577  46.388707     9.382     9.398  9 55856.78756295 26.181
 122 287.571873  46.388999     9.777     9.393  9 55866.70320696 24.834
 123 287.571823  46.389469     8.297     8.514 10 55876.61885946 26.844
 133 287.564189  46.387551     3.515     3.542  8 55975.77529092 26.965
 134 287.569461  46.387711     3.916     3.989  9 55985.69092799 40.711
 135 287.573521  46.389346     4.166     4.160 10 55995.60656381 35.271
 136 287.570778  46.388661     4.483     4.453 10 56005.52221594 52.155
 137 287.566169  46.387752     4.514     4.479  9 56015.43786392 24.679
 139 287.562546  46.387483     6.588     7.064  9 56035.26915172 25.732
 141 287.571563  46.388530     3.662     3.625 10 56055.10043116 47.862
 142 287.573957  46.390158     4.002     3.837  9 56065.01606519 27.862
 143 287.572185  46.389481     4.299     3.249  9 56074.93170976 26.138
 144 287.569094  46.388005    10.771     9.409 10 56084.84735917 23.124
 145 287.567522  46.387864     2.832     2.872  9 56094.76300626 29.627
 146 287.568073  46.388146     3.645     2.674 10 56104.67865143 29.041
 147 287.568822  46.387867     2.884     2.831 10 56114.59428226 38.235
 148 287.568870  46.388129     2.736     2.689  9 56124.50992070 33.561
 149 287.569028  46.387815     2.815     2.594 10 56134.42555522 29.561
 150 287.567861  46.387711     2.615     2.695 10 56144.34119531 33.825
 151 287.565630  46.387861     2.769     2.860  9 56154.25684510 44.037
 152 287.566254  46.387902     2.207     2.183  9 56164.17249387 39.823
 153 287.567485  46.388259     2.884     2.914  9 56174.08814050 39.644
 154 287.569364  46.387379     2.644     2.615  9 56184.00378231 48.908
 155 287.567991  46.387809     4.203     2.792  9 56193.91941988 26.577
 156 287.567336  46.387874     6.612     6.979  9 56203.83505492 24.842
 157 287.569363  46.388959     2.766     2.821  9 56213.75068864 36.172
 158 287.574972  46.389702     4.616     4.133  9 56223.66632340 28.681
 159 287.573828  46.390534     8.169     8.729  9 56233.58197948 24.809
 160 287.572502  46.389836     5.315     3.572  9 56243.49763180 25.098
 161 287.569697  46.388977     3.477     3.438  9 56253.41327926 38.386
 162 287.568440  46.387929     3.054     3.052 10 56263.32892235 26.947
 164 287.568751  46.388261    12.247    12.324  9 56283.16020626 22.983
 165 287.567329  46.387691     3.231     3.165  9 56293.07585766 47.524
 166 287.565080  46.386888     3.332     3.536  9 56302.99150464 49.908
 167 287.561850  46.387561     3.968     3.866  9 56312.90714719 31.449
 168 287.562286  46.386739     4.151     4.240  9 56322.82278841 48.350
 169 287.563703  46.387652     4.220     4.232  9 56332.73842900 37.774
 170 287.567321  46.387376     3.318     3.328  9 56342.65406961 39.972
 171 287.569664  46.388484     3.897     3.952 10 56352.56970757 38.033
 172 287.569877  46.388133     3.560     3.538 10 56362.48534927 50.745
 173 287.565596  46.388221     4.160     4.190  9 56372.40099829 44.670
 175 287.563798  46.387589     4.279     4.227  8 56392.23228905 46.572
 176 287.567239  46.387309    11.588    11.860  9 56402.14793195 26.257
 177 287.569988  46.388277     4.842     4.597  9 56412.06357174 28.600
 178 287.572526  46.389343     4.428     4.337 10 56421.97920654 26.983
 179 287.572815  46.388996     4.397     4.227 10 56431.89484704 26.541
 180 287.572232  46.384213     4.654     4.690  6 56441.81050054 30.631
 181 287.565057  46.388591    10.664     9.463  9 56451.72614937 23.130
 182 287.563981  46.388412     5.538     4.102  9 56461.64179727 23.407
 183 287.563633  46.387615     9.296     9.005  8 56471.55744205 23.170
 184 287.564095  46.386640     4.058     3.231  9 56481.47308338 25.564
 185 287.564809  46.386646     3.163     3.225  9 56491.38872063 36.293
 187 287.571309  46.388817    59.245    64.778  9 56511.21998815 20.014
 188 287.572119  46.389408     2.732     2.733 10 56521.13563280 34.824
 189 287.570008  46.388803     3.367     3.363  9 56531.05128549 27.224
 191 287.567018  46.386833     3.794     3.105  9 56550.88257938 27.272
 192 287.566564  46.387019     3.638     3.586  9 56560.79822205 32.786
 193 287.567772  46.387782     5.229     2.864  9 56570.71386385 27.108
 194 287.570168  46.389055     8.717     8.635  9 56580.62950428 24.668
 195 287.573774  46.389731     6.589     6.290  9 56590.54514089 28.605
 196 287.572559  46.389278     3.769     3.812  9 56600.46078823 27.462
 197 287.569592  46.387786     7.317     7.468 10 56610.37643861 26.330
 198 287.567802  46.388079     5.830     3.904  9 56620.29208389 25.793
 199 287.568430  46.387831     4.218     4.327  9 56630.20772628 49.747
 200 287.569916  46.388058     3.925     3.906  9 56640.12336507 44.943
 201 287.569053  46.387136     4.037     4.079  9 56650.03901117 47.573
 202 287.564548  46.386882     3.658     3.634  9 56659.95466146 41.937
 203 287.561695  46.387233     3.408     3.381  9 56669.87030831 37.902
 205 287.565944  46.387391     4.403     4.391  9 56689.70159741 46.248
 206 287.568917  46.387159     3.810     3.824  9 56699.61723840 46.790
 207 287.569653  46.387973     3.797     4.000  9 56709.53287433 37.303
 208 287.568769  46.387282     4.072     4.067  9 56719.44851521 47.807
 209 287.563774  46.388180     2.754     2.679  9 56729.36416706 45.518
 211 287.567375  46.386762     4.630     4.745  9 56749.19546029 41.392
 212 287.569471  46.388467     5.159     5.153  9 56759.11109968 51.634
 213 287.571792  46.389952     9.350     9.602  9 56769.02673288 26.606
 214 287.570282  46.387929     6.084     6.200  9 56778.94238164 46.144
 215 287.565054  46.387763     8.688     9.685  9 56788.85803683 26.226
 216 287.561576  46.387668     5.848     4.866  8 56798.77368888 25.781
 217 287.561814  46.387284     7.911     5.009  9 56808.68933541 24.438
 219 287.563696  46.387727     9.540     8.832  9 56828.52061357 21.852
 220 287.564785  46.387631     3.501     3.531  9 56838.43624764 34.696
 221 287.567927  46.387926     2.893     2.868 10 56848.35187893 28.046
 222 287.566721  46.387426     3.596     3.644  9 56858.26753290 39.053
 223 287.566997  46.387868     3.584     3.564  9 56868.18318605 27.829
 224 287.566952  46.387493     3.248     3.304 10 56878.09883734 32.287
 225 287.565217  46.386589     3.723     3.583  9 56888.01448531 37.479
 226 287.560793  46.387432     4.365     3.273  8 56897.93013009 25.263
 227 287.559888  46.386988     6.582     6.931  9 56907.84577296 25.681
 228 287.562471  46.387174     5.047     3.099  9 56917.76141417 27.935
 229 287.568031  46.387258     3.423     3.221  9 56927.67705378 30.689
 230 287.571826  46.389016     4.146     4.181  9 56937.59268907 27.264
 231 287.574089  46.390410     7.336     7.554  9 56947.50832096 24.964
 232 287.570008  46.388095     8.790     8.695 10 56957.42397494 26.291
 233 287.566129  46.387553     7.713     8.380 10 56967.33962308 26.520
 234 287.566968  46.386630     3.357     3.436  9 56977.25526751 29.030
 235 287.569249  46.387467     8.514     8.444  9 56987.17090715 27.097
 236 287.571724  46.389338     4.276     4.128  9 56997.08654063 36.401
 237 287.571084  46.387873     3.552     3.581  9 57007.00218671 41.628
 238 287.566225  46.386567    10.276    10.367  9 57016.91784027 23.099
 239 287.561968  46.387465     3.655     3.719  9 57026.83349005 40.936
 240 287.562977  46.387366     3.661     3.716  8 57036.74913880 47.551
 241 287.566208  46.387310     3.909     3.946  9 57046.66478525 40.213
 242 287.568258  46.388241     3.928     3.937 10 57056.58042791 46.935
 243 287.569723  46.387382     4.100     4.000  9 57066.49606548 45.984
 244 287.569096  46.388622     4.318     4.392  9 57076.41169797 41.871
 245 287.572231  46.388912     3.611     3.618 10 57086.32732782 45.758
 246 287.570306  46.388401     3.196     3.145  9 57096.24298610 41.237
 247 287.569503  46.388686     3.547     3.561 10 57106.15864195 45.700
 248 287.570186  46.388226     3.086     3.060 10 57116.07429334 48.255
 249 287.568379  46.388559     4.913     3.946  9 57125.98993813 41.269
 250 287.567643  46.387095     9.439     9.636  9 57135.90557808 27.922
