#    0.000   0.000   0.000 ;Mean Elev.(m), Avg Gradient(m/km), RMS Gradient(m/km) - SRTM1     
#    0.000   0.000   0.000 ;Mean Elev.(m), Avg Gradient(m/km), RMS Gradient(m/km) - ASTER GDEM
#    1.005  -2.581   8.556 ;Mean Elev.(m), Avg Gradient(m/km), RMS Gradient(m/km) - GMTED2010 
   1 288.151354  46.670792    65.636    68.585  3 54662.59995296 17.655
   2 288.154588  46.677393    71.179    73.313 10 54672.51559952 15.908
   3 288.151174  46.676745   -17.055   -17.033 10 54682.43124258 17.533
   4 288.152923  46.677846    72.036    73.314 10 54692.34688513 13.495
   5 288.156520  46.677039   -16.738   -16.729 10 54702.26252505 22.019
   6 288.159444  46.677345    59.309    65.582  9 54712.17817342 16.230
   7 288.159136  46.677484    -1.390     0.510  9 54722.09382429 24.298
   8 288.155694  46.677373    51.806    47.463 10 54732.00947247 19.553
   9 288.151280  46.677474    70.894    71.754 10 54741.92511916 14.772
  10 288.148487  46.676762    68.067    70.476 10 54751.84076580 15.740
  11 288.149259  46.677001    70.158    70.871 11 54761.75641275 16.895
  12 288.151884  46.676790    68.380    71.299 10 54771.67205736 18.004
  13 288.154327  46.676711    69.792    71.376 10 54781.58769883 18.171
  14 288.155729  46.676661    65.580    64.868 10 54791.50333752 12.581
  17 288.157113  46.676552    53.066    49.572  9 54821.25025269 19.641
  18 288.155821  46.676810    55.725    57.766 10 54831.16590461 20.308
  19 288.152180  46.676299    54.232    50.137 10 54841.08154280 14.619
  20 288.147792  46.676942    54.225    56.049 11 54850.99719151 20.405
  21 288.143654  46.677330    52.132    51.975 11 54860.91283993 19.135
  22 288.139536  46.675119    60.244    61.399 13 54870.82848801 14.420
  23 288.143882  46.677219    56.513    56.880 12 54880.74413624 14.627
  24 288.149042  46.677572    56.579    53.463 11 54890.65978095 17.798
  25 288.150966  46.676791    52.581    50.604 10 54900.57542205 24.037
  26 288.149563  46.676653    64.332    63.480 10 54910.49106081 22.776
  27 288.147866  46.677083    55.764    52.904 11 54920.40669827 20.885
  28 288.149428  46.677507    71.381    72.601 11 54930.32233551 16.412
  29 288.155577  46.677978    73.762    73.884 10 54940.23797197 17.868
  30 288.163104  46.678530    73.493    73.554  8 54950.15360698 18.908
  31 288.164516  46.676825    73.756    73.956  7 54960.06924586 16.195
  32 288.162827  46.678688    71.910    73.996  8 54969.98489460 17.459
  33 288.156813  46.676711    65.560    71.021  9 54979.90054124 15.631
  34 288.153713  46.676599    70.442    71.531 10 54989.81618832 11.729
  35 288.153848  46.677777    69.381    71.846 10 54999.73183592 12.707
  36 288.152668  46.677084    68.919    71.141 10 55009.64748123 13.178
  37 288.151728  46.676415    69.299    70.611 10 55019.56312479 17.870
  38 288.150244  46.676855    67.177    67.604 11 55029.47876711 18.610
  39 288.149174  46.677656    70.046    71.802 11 55039.39440882 14.705
  40 288.149412  46.676611    66.499    67.830 10 55049.31004895 14.071
  41 288.154942  46.677131    61.874    70.464 10 55059.22568775 13.664
  42 288.162030  46.679053    65.712    65.906  7 55069.14132820  8.750
  43 288.162083  46.679072    54.441    53.237  8 55079.05697784 12.903
  44 288.155728  46.676463    59.340    59.749 10 55088.97262449 14.513
  45 288.151261  46.677220    65.561    67.263 11 55098.88827072 12.038
  46 288.148503  46.677276    69.176    71.253 11 55108.80391654 15.158
  47 288.149512  46.676487    66.438    70.737 10 55118.71956142 15.731
  48 288.155220  46.678035    67.932    67.796 10 55128.63520471 19.557
  49 288.157075  46.677049    69.767    72.100 10 55138.55084500 15.839
  50 288.157228  46.677491    61.026    61.275 10 55148.46648376 14.520
  51 288.155106  46.676894    70.961    71.892 10 55158.38212145 14.652
  52 288.154713  46.676826    72.291    72.645 10 55168.29775910 13.695
  53 288.156903  46.677130    62.891    62.610 10 55178.21339628 24.560
  54 288.157871  46.677457    50.712    50.084 10 55188.12904121 21.300
  55 288.154084  46.676842    54.594    52.192 10 55198.04469146 22.575
  56 288.149532  46.676797    52.419    50.755 11 55207.96034091 20.416
  57 288.145857  46.676700    50.395    48.413 11 55217.87598997 19.618
  58 288.145940  46.677962    50.321    48.340 11 55227.79163898 20.185
  59 288.147477  46.677420    55.073    56.447 10 55237.70728486 19.257
  60 288.151471  46.677585    61.194    64.418 10 55247.62292754 11.200
  61 288.153551  46.677755    51.195    51.378 10 55257.53856742 23.747
  62 288.152334  46.677179    71.071    71.221 11 55267.45420581  5.786
  63 288.151006  46.677406    72.852    73.001 11 55277.36984370 12.387
  64 288.152936  46.677913    71.675    72.829 10 55287.28548073 18.010
  65 288.157225  46.676971    69.944    72.807  9 55297.20111541 18.259
  66 288.162764  46.678683    74.274    74.386  7 55307.11675732 16.429
  67 288.162491  46.678843    74.320    74.206  7 55317.03240376 16.444
  68 288.158344  46.677455    69.196    72.974  9 55326.94804854 17.224
  69 288.154618  46.677113    69.426    72.287 10 55336.86369273 14.319
  70 288.152787  46.677361    69.482    71.039 10 55346.77933676 11.682
  71 288.153376  46.678151    71.044    71.908 10 55356.69497967 12.723
  72 288.152762  46.676962    65.692    70.339 10 55366.61062001 13.990
  73 288.153063  46.676336    66.981    69.909 10 55376.52625898 15.618
  74 288.154745  46.677147    64.601    66.905  9 55386.44189729 11.805
  75 288.156369  46.677381    62.536    65.827 10 55396.35753451 13.054
  76 288.157597  46.676657    53.554    52.524 10 55406.27317584 15.930
  77 288.157283  46.676899    53.302    54.069 10 55416.18882690 13.032
  78 288.157320  46.676676    48.971    48.538  9 55426.10447464 18.434
  79 288.157821  46.677583    52.437    57.041  9 55436.02012010 13.064
  80 288.155378  46.677186    52.121    52.903 10 55445.93576392 12.539
  81 288.152453  46.676680    64.664    69.649 10 55455.85140711 11.676
  82 288.152290  46.677217    69.337    71.550 11 55465.76705006 11.867
  83 288.155153  46.677216    70.673    73.079  9 55475.68269017 13.646
  84 288.159336  46.676941    70.187    72.127 10 55485.59832718 19.777
  85 288.163237  46.677739    73.579    73.487  7 55495.51396211 15.672
  86 288.163813  46.677952    73.736    73.819  7 55505.42959632 15.021
  87 288.157741  46.676990    69.737    72.064  9 55515.34524596 16.831
  88 288.155244  46.677845    73.331    73.268 10 55525.26089533 12.072
  89 288.152414  46.676782    73.029    72.795 10 55535.17654238 12.536
  90 288.151206  46.676680    49.807    48.073 10 55545.09218781 23.624
  91 288.149820  46.676926    52.666    49.293 10 55555.00783152 20.677
  92 288.148795  46.677382    57.631    52.145 11 55564.92347452 12.728
  93 288.149290  46.676726    51.153    50.124 10 55574.83911691 16.992
  94 288.152420  46.676449    53.083    50.213 10 55584.75475807 14.676
  95 288.157884  46.677525    53.787    56.312  9 55594.67039627 17.354
  96 288.161955  46.678134    55.229    55.058  7 55604.58603089 18.434
  97 288.163363  46.677383    67.681    68.863  8 55614.50166275 18.179
  98 288.163802  46.678203    50.789    52.194  7 55624.41730164 25.054
  99 288.159241  46.677228    63.231    64.465  9 55634.33295328  9.220
 100 288.157817  46.677119    53.187    50.928  9 55644.24860313 22.459
 101 288.157731  46.676878    54.424    53.688  9 55654.16425027 13.169
 102 288.158124  46.676561    64.665    66.116  9 55664.07989302 19.042
 103 288.157611  46.676639    66.095    63.698  9 55673.99553294 23.939
 104 288.156882  46.677051    73.482    73.787 10 55683.91117153 17.702
 105 288.157105  46.677073    67.199    73.290  9 55693.82680892 16.970
 106 288.159374  46.677280    66.774    73.336  9 55703.74244510 17.138
 107 288.158676  46.676837    65.045    64.991 10 55713.65809042 19.028
 108 288.155898  46.677102    65.006    66.775 10 55723.57373946 14.204
 109 288.153395  46.677916    49.991    47.638 10 55733.48938653 23.943
 110 288.150866  46.677312    70.722    72.283 10 55743.40503197 12.405
 111 288.151664  46.677602    67.578    68.585 10 55753.32067641 10.092
 112 288.155056  46.677215    62.215    65.267 10 55763.23631867 11.078
 113 288.158901  46.676938    66.676    72.886  9 55773.15195823 16.635
 114 288.163296  46.678905    73.887    73.702  7 55783.06759488 10.217
 115 288.163083  46.678056    63.701    69.396  7 55792.98322826 18.628
 116 288.163396  46.677912    72.074    73.959  7 55802.89886337 17.155
 117 288.162154  46.679246    72.320    74.665  7 55812.81451367 14.422
 118 288.161926  46.678767    71.607    74.039  7 55822.73016200 13.009
 119 288.163412  46.678392    60.135    64.383  8 55832.64580571 12.049
 120 288.163925  46.677544    68.706    73.352  8 55842.56144478 16.733
 121 288.163565  46.677500    68.561    68.771  8 55852.47708069 18.070
 122 288.162724  46.677669    73.330    73.119  7 55862.39271513 14.638
 123 288.156422  46.676845    62.677    65.310 10 55872.30836863 14.239
 133 288.156338  46.677149    54.760    53.336  9 55971.46480770 16.849
 134 288.156335  46.677379    64.429    63.060 10 55981.38044359 19.573
 135 288.161910  46.679235    47.883    47.914  7 55991.29607895 23.187
 136 288.162731  46.678207    67.341    67.704  8 56001.21172456  9.384
 137 288.162369  46.677990    60.545    62.262  7 56011.12737445 24.025
 138 288.159221  46.676792    68.832    68.954  9 56021.04302021 17.075
 139 288.156117  46.677524    73.241    73.455 10 56030.95866355 17.194
 141 288.153487  46.678139    66.553    66.042 10 56050.78994443 16.039
 142 288.155473  46.676956    73.150    72.993  9 56060.70558112 14.272
 143 288.162268  46.679512    74.177    74.174  7 56070.62121952 17.596
 144 288.157359  46.677356    62.351    66.920  9 56080.53686946 13.988
 145 288.152887  46.676670    63.732    68.780 10 56090.45251688 11.433
 146 288.150708  46.677016    56.801    64.231 10 56100.36816218 12.894
 147 288.151576  46.676841    64.186    67.518 10 56110.28379350 21.417
 148 288.156921  46.677297    59.795    66.605  9 56120.19943378 10.972
 149 288.164116  46.678318    73.220    73.661  7 56130.11507071  8.512
 150 288.166190  46.676873    52.506    53.683  8 56140.03070381 10.393
 151 288.161552  46.678289    60.446    65.351  8 56149.94635444 13.499
 152 288.155192  46.676902    62.212    64.520 10 56159.86200293 12.245
 153 288.153665  46.676621    61.805    64.536 10 56169.77765066 10.286
 154 288.156908  46.677308    54.154    52.304 10 56179.69329541 14.054
 155 288.161784  46.679124    60.856    62.441  7 56189.60893633  8.465
 156 288.162350  46.678556    51.956    54.374  8 56199.52457323 13.612
 157 288.162140  46.678998    73.472    73.477  7 56209.44020747 12.968
 158 288.162046  46.679110    73.769    73.957  7 56219.35583977 13.499
 159 288.157503  46.677351    60.493    58.723 10 56229.27148672 16.294
 160 288.155579  46.677000    64.973    70.737  9 56239.18713994 13.036
 161 288.154854  46.676988    61.429    62.679  9 56249.10278952 13.345
 162 288.154265  46.676431    73.659    72.539 10 56259.01843427  9.907
 163 288.152874  46.676140    48.087    47.944 10 56268.93407626 22.926
 164 288.152540  46.676284    48.585    48.693 10 56278.84971678 24.477
 165 288.151526  46.677033    48.221    48.222 11 56288.76536704 23.178
 166 288.152021  46.676108    54.246    54.962 10 56298.68101585 19.519
 167 288.155216  46.676994    49.672    49.534  9 56308.59666123 22.078
 168 288.156234  46.677161    52.248    51.311  9 56318.51230358 13.277
 169 288.154702  46.677554    53.672    53.377 10 56328.42794440 17.235
 170 288.152833  46.676665    55.867    57.649 10 56338.34358391 23.114
 171 288.154982  46.676587    55.283    56.480 10 56348.25922196 18.457
 172 288.162347  46.678798    60.071    64.259  8 56358.17485810 10.677
 173 288.161878  46.679198    54.703    50.528  8 56368.09050787 20.080
 175 288.152063  46.676887    65.351    65.367 10 56387.92180019 20.181
 176 288.149989  46.677652    68.473    67.997 10 56397.83744372 18.901
 177 288.149555  46.677032    71.780    72.815 11 56407.75308482 16.960
 178 288.152441  46.676452    59.633    66.844 10 56417.66872219 22.717
 179 288.158950  46.677314    66.918    71.933 10 56427.58435538 18.737
 180 288.156076  46.677602    68.770    68.673 10 56437.50000808 17.601
 181 288.151739  46.677047    69.926    72.491 10 56447.41565886 14.882
 182 288.149002  46.676578    70.724    72.216 10 56457.33130749 13.830
 183 288.150032  46.677328    47.638    47.554 10 56467.24695342 26.176
 184 288.151765  46.676171    65.745    66.732 10 56477.16259509 10.399
 185 288.157232  46.677461    60.762    64.317 10 56487.07823391 12.042
 187 288.162411  46.678464    55.276    56.344  7 56506.90950464 10.236
 188 288.162853  46.677634    54.746    56.924  7 56516.82514042 11.824
 189 288.158523  46.676570    55.396    58.501  9 56526.74079457 15.898
 190 288.157856  46.676896    53.730    57.057  9 56536.65644508 15.086
 192 288.154935  46.677181    65.301    70.416 10 56556.48773526 13.425
 193 288.152203  46.676730    69.517    70.963 10 56566.40337749 11.985
 194 288.150851  46.676444    68.466    71.383 10 56576.31901846 13.818
 195 288.154183  46.677634    70.451    72.349 10 56586.23465680 13.972
 196 288.156790  46.676865    66.171    72.065 10 56596.15029538 14.565
 197 288.155140  46.677497    67.845    71.497 10 56606.06594753 15.772
 198 288.153272  46.677328    72.270    72.487 10 56615.98159478 15.048
 199 288.153321  46.677823    55.884    53.170 10 56625.89723891  8.833
 200 288.153999  46.677477    43.316    42.503 10 56635.81288025 11.932
 201 288.156647  46.677072    51.149    49.515  9 56645.72852007 20.624
 202 288.155847  46.677661    50.356    48.538 10 56655.64417283 15.878
 203 288.155658  46.677966    56.737    55.687 10 56665.55982118 15.855
 205 288.153338  46.677789    60.496    58.470 10 56685.39111061 14.594
 206 288.152245  46.676445    55.426    57.722 10 56695.30675241 17.508
 207 288.155674  46.676728    56.922    58.584 10 56705.22239041 16.136
 208 288.162126  46.678422    56.572    56.116  8 56715.13802352 21.511
 209 288.156447  46.676806    69.600    72.208 10 56725.05367494 12.197
 211 288.147596  46.676895    58.451    60.324 11 56744.88497063 19.750
 212 288.147913  46.676898    51.586    50.311 10 56754.80061306 22.629
 213 288.151701  46.676320    52.414    52.991 10 56764.71625013 24.388
 214 288.156308  46.677047    73.833    73.461 10 56774.63188776 18.619
 215 288.151317  46.676776    71.861    72.351 10 56784.54754423 16.975
 216 288.146687  46.676855    72.022    72.152 11 56794.46319701 15.844
 217 288.145042  46.677874    71.924    72.306 11 56804.37884659 12.904
 219 288.150919  46.676636    71.066    72.454 10 56824.21012796 13.217
 220 288.155500  46.676429    72.642    72.562 10 56834.12576321 12.142
 221 288.162349  46.679410    58.988    61.240  7 56844.04139593 10.047
 222 288.159001  46.677237    57.841    64.032  9 56853.95703867 15.233
 223 288.154210  46.676554    60.376    62.226 10 56863.87269213 11.907
 224 288.153259  46.678037    70.089    71.645 10 56873.78834578 11.157
 225 288.151761  46.677364    68.441    67.995 10 56883.70399580 21.527
 226 288.151224  46.677346    69.932    71.566 10 56893.61964269 11.939
 227 288.149545  46.677590    71.922    72.246 11 56903.53528622 12.644
 228 288.146078  46.677213    71.353    71.603 11 56913.45092734 11.209
 229 288.145476  46.677215    71.662    71.689 11 56923.36656698 12.655
 230 288.148365  46.677027    69.697    70.983 11 56933.28220442 13.604
 231 288.154837  46.676879    72.600    72.917  9 56943.19783691 13.184
 232 288.156744  46.676864    72.396    72.816 10 56953.11348269 15.851
 233 288.154179  46.677042    70.753    72.481 10 56963.02913296 14.639
 234 288.150755  46.676742    72.094    72.224 10 56972.94477841 13.821
 235 288.150682  46.677089    51.007    51.587 10 56982.86042012 14.890
 236 288.155088  46.677408    67.501    70.159 10 56992.77605763 11.531
 237 288.162535  46.678146    56.882    56.870  8 57002.69169398 16.923
 238 288.158686  46.676410    51.845    50.058  9 57012.60735048 18.353
 239 288.156172  46.676971    48.350    48.368  9 57022.52300179 24.394
 240 288.152708  46.677517    55.347    55.146 10 57032.43865010 19.193
 241 288.150192  46.676927    53.362    53.788 10 57042.35429603 17.401
 242 288.150607  46.676382    54.091    54.847 10 57052.26994001 21.053
 243 288.154465  46.676351    58.512    59.228 10 57062.18558007 15.078
 244 288.158806  46.677007    56.736    54.571 10 57072.10121502 15.926
 245 288.161977  46.678345    58.386    57.631  8 57082.01684605 14.569
 246 288.156061  46.676875    52.754    49.908 10 57091.93249051 20.962
 247 288.149013  46.676938    53.245    54.133 10 57101.84814738 20.677
 248 288.146695  46.676513    49.548    47.939 11 57111.76380117 25.317
 249 288.150173  46.677287    57.593    57.510 10 57121.67944985 15.769
 250 288.153643  46.677954    73.108    73.282 10 57131.59509280 14.740
